1605191208.830777662
1605191208.830813778
1605191208.830822152
1605191208.830862050
1605191208.830879908
1605191208.831100470
1605191208.831118297
1605191208.831127257
1605191208.831140659
1605191208.831155590
1605191209.793641593
1605191209.793693708
1605191209.793770711
1605191209.793789228
1605191209.797178308
1605191209.797209981
1605191209.797295185
1605191209.797311008
1605191209.839689038
1605191209.839734632
1605191209.840135991
1605191209.840164852
1605191209.841554492
1605191209.841601940
1605191209.842550705
1605191209.842992786
1605191210.163602005
1605191210.163734805
1605191210.164053708
1605191210.164471272
1605191210.170926845
1605191210.170987345
1605191210.173640583
1605191210.173686768
1605191210.215260635
1605191210.216600142
1605191210.216778813
1605191210.216814282
1605191210.216961216
1605191210.216977455
1605191210.228020912
1605191210.228282222
1605191210.230871860
1605191210.230906791
1605191210.231001531
1605191210.231014097
1605191210.237629003
1605191210.238463621
1605191210.238703418
1605191210.238740363
1605191210.239023096
1605191210.239068252
1605191210.977744783
1605191210.977848643
1605191210.978007096
1605191210.978084686
1605191210.994013370
1605191210.994089052
1605191210.994215285
1605191210.994239330
